online markets
MONTE CARLO 

Neev's Bid win rate
(2386, 2435, 976081)
(152359, 2433, 976239)
(279996, 2457, 976238)
(404055, 2441, 976181)
(531365, 2437, 976309)
(648000, 2311, 976045)
(773482, 2420, 976348)
(833400, 2318, 975871)
(887825, 2347, 976330)
(938180, 2339, 976181)

EXPECTED UTILITIES
0.039118912442395994
1.5882073640549348
2.8980435479398676
4.154629924853553
5.415583619371618
6.617974079807814
7.970491061675924
8.565990703259901
9.125567164044051
9.625480783463294

OPTIMAL BIDS
(5.02, 0.27389999999999987)
(10.25, 1.95)
(11.79, 4.006200000000007)
(21.74, 6.884020000000056)
(20.2, 9.953199999999992)
(31.03, 13.6738399999999)
(31.66, 18.47988000000006)
(41.19, 24.139820000000192)
(41.23, 29.896010000000228)
(51.19, 36.021780000000234)

EXACT OPTIMAL BIDS
Optimal bids: [5.01, 11.01, 11.01, 21.01, 21.01, 31.01, 31.01, 41.01, 41.01, 51.01]
[0.19473170731707318, 1.7102926829268303, 3.6127317073170744, 6.0675365853658425, 9.262658536585334, 12.939439024390186, 17.402853658536518, 22.443024390243806, 28.199121951219407, 34.054024390243775] 

